0.14 0.03 0.99
0.00 0.31 0.00
1.53 -7.67 38.87
10933 4195 -9373
0.14 0.03 0.99
0.00 0.31 0.00
1.53 -7.68 38.86
10937 4189 -9364
0.14 0.02 0.99
-0.06 0.92 0.00
1.53 -7.67 38.86
10933 4186 -9362
0.14 0.03 0.99
0.00 -0.43 0.00
1.54 -7.67 38.86
10943 4206 -9366
0.13 0.03 0.99
0.00 -0.49 0.00
1.54 -7.68 38.86
10953 4192 -9352
0.12 0.03 1.00
0.00 -0.18 0.00
1.54 -7.70 38.85
10943 4192 -9355
0.14 0.02 0.98
-0.37 -0.49 0.00
1.55 -7.67 38.85
10949 4189 -9317
0.13 0.03 0.99
0.00 0.55 0.00
1.56 -7.69 38.85
10932 4187 -9318
0.20 0.01 0.85
-2.87 -66.89 5.43
1.25 -9.00 39.01
10942 4185 -9299
-0.05 0.14 1.02
-1.83 -4.52 -64.70
2.10 -7.90 8.59
11458 9847 -21621
0.16 0.04 1.01
-13.79 -11.90 -25.94
3.95 -7.39 -2.53
6647 11011 -26091
0.14 0.03 0.99
-1.10 8.42 38.64
1.69 -7.90 -6.51
4139 12478 -27541
0.10 0.02 0.99
3.42 -0.61 29.05
1.08 -7.23 5.05
7407 10876 -27360
0.11 0.01 0.99
5.00 -1.71 37.66
0.75 -7.50 22.96
12531 7039 -23098
0.13 0.01 0.98
7.51 -9.03 52.55
0.55 -9.13 44.24
13635 1704 -17395
0.22 -0.01 0.97
6.23 -0.61 28.26
0.20 -12.40 65.34
10716 -1971 -12372
0.23 -0.04 0.94
3.36 1.22 13.31
0.20 -13.62 80.45
8830 -3752 -10311
0.23 -0.01 0.98
-2.99 0.67 -15.26
0.20 -13.19 73.49
9909 -2718 -10960
0.23 -0.00 0.97
-0.92 0.67 -5.86
0.40 -13.21 67.68
10659 -1634 -11704
0.22 -0.01 0.98
-6.84 6.47 -35.46
0.46 -12.28 59.19
11713 -106 -12492
0.15 0.05 0.99
-0.55 10.80 -33.75
1.26 -9.79 44.06
13468 2167 -16086
0.13 0.17 1.01
38.45 19.96 1.65
11.17 -9.55 33.85
8130 787 -17276
0.08 0.69 0.65
48.89 23.07 -8.30
43.13 -2.96 31.83
2901 -1227 -9231
-0.03 0.89 0.22
41.02 14.83 -1.89
68.16 -4.78 28.49
782 -2860 -6445
0.01 1.00 0.02
11.96 0.98 -6.10
83.86 -3.33 34.13
1899 -4495 -4794
0.05 0.99 0.13
-9.77 -0.37 -9.03
82.11 -3.21 29.91
1845 -4333 -5065
0.09 0.96 0.22
-23.19 10.62 -3.42
76.90 -3.40 26.45
1701 -3774 -5801
0.12 0.74 0.76
-70.37 -8.12 10.99
45.43 -7.10 23.06
1354 -1031 -7429
0.18 -0.09 0.99
-101.75 -21.61 15.99
-0.56 -12.93 25.19
1484 5801 -7300
0.25 -0.78 0.58
-58.47 -2.01 17.52
-43.53 -13.26 31.63
2178 10741 -1638
0.12 -0.84 0.47
13.67 -26.86 8.85
-57.63 -9.42 37.14
4195 11370 1863
0.14 -0.82 0.53
13.37 7.69 0.92
-55.81 -10.88 41.36
4423 11205 630
0.25 -0.83 0.46
9.46 -32.53 -8.18
-58.93 -15.98 43.56
3985 11416 551
0.42 -0.69 0.58
37.05 -14.34 -20.45
-50.39 -25.36 47.76
2863 11391 -1827
0.79 -0.51 0.35
-28.20 -54.50 -17.33
-52.46 -49.55 64.32
-423 10898 -4256
0.85 -0.45 0.06
21.48 -38.02 -10.68
-74.96 -64.69 94.18
-3445 10676 -4662
0.89 -0.33 -0.20
-0.24 -59.88 -4.58
-117.01 -67.52 144.19
-6806 10057 -4943
0.84 -0.23 -0.42
-8.12 -21.12 12.33
-144.43 -59.29 178.07
-9545 9645 -3178
0.84 -0.30 -0.43
-2.01 10.13 30.58
-142.61 -58.19 179.62
-9431 9793 -2875
0.94 -0.20 0.02
11.78 80.81 -43.27
-73.82 -79.93 114.52
-7252 8610 -6999
0.82 -0.02 0.60
-1.34 -24.05 -1.77
-2.64 -55.93 40.96
-1969 7520 -12255
0.54 0.00 0.83
29.66 112.79 -15.38
-0.23 -33.29 38.28
2371 7928 -12677
-0.45 0.06 0.91
1.10 87.40 -0.12
1.75 20.57 39.72
12527 8339 -4949
-1.01 0.01 0.23
15.75 111.45 -12.63
3.60 62.53 39.00
11471 8820 3472
-0.99 0.00 -0.14
21.55 32.96 6.47
152.31 89.40 -174.94
7916 9389 6929
-0.93 0.05 -0.08
-11.17 -40.77 -35.40
82.80 87.84 118.91
7591 9237 6885
-0.93 -0.09 0.30
-4.70 -10.93 -5.55
-24.98 71.55 19.56
7759 9414 6171
-0.44 -0.22 0.88
20.75 -236.08 -21.73
-15.06 25.69 34.35
8749 9632 3544
0.51 0.12 0.88
-29.17 -44.86 41.38
12.72 -25.72 39.64
1955 6026 -9207
0.42 -1.01 0.37
-21.97 133.85 33.14
-59.86 -18.97 54.19
2384 12532 -2497
-0.69 -0.47 0.56
134.22 161.44 75.44
-41.37 44.14 -8.77
7539 12622 2311
-0.55 0.75 0.01
-72.88 -88.56 78.25
69.18 31.18 66.41
10430 -1941 -864
0.35 0.31 0.92
-114.01 -28.02 -7.20
14.94 -15.79 63.92
5736 -1051 -10253
0.14 -0.02 1.27
-150.09 -8.67 -35.03
2.86 1.58 39.52
15242 3126 -11677
-0.00 0.08 0.98
-11.90 -34.42 -86.30
1.86 -1.24 6.19
14189 13091 -19413
-0.00 0.13 1.03
46.69 88.87 74.34
4.69 -0.94 24.58
15112 9438 -17453
0.36 0.70 0.42
22.89 -196.53 117.43
45.49 -25.87 5.66
-1318 739 -11109
0.69 -0.06 0.92
-137.39 116.21 21.85
-4.70 -38.94 29.80
-1056 8203 -11320
-0.49 0.12 0.72
75.26 111.82 -6.53
14.07 25.65 13.06
6264 7651 -8597
0.37 0.52 0.65
-55.97 -168.27 97.41
34.72 -17.63 18.82
797 2788 -10745
0.60 -0.54 0.79
-37.54 105.47 22.89
-32.29 -30.86 42.13
650 12121 -5709
